20 0.779296875 0.4915364583333333 0.0341796875 0.044270833333333336
10 0.70703125 0.5520833333333334 0.0166015625 0.0234375
10 0.480224609375 0.4811197916666667 0.02490234375 0.030598958333333332
10 0.111328125 0.8356119791666666 0.01904296875 0.022135416666666668
10 0.164794921875 0.8642578125 0.02587890625 0.03125
10 0.559326171875 0.4986979166666667 0.02587890625 0.029296875
10 0.775146484375 0.5247395833333334 0.015625 0.018880208333333332
10 0.57666015625 0.62890625 0.01513671875 0.018880208333333332
10 0.75830078125 0.6002604166666666 0.02001953125 0.01953125
21 0.282470703125 0.09537760416666667 0.2099609375 0.185546875
21 0.61962890625 0.6741536458333334 0.06982421875 0.13020833333333334
10 0.853515625 0.7311197916666666 0.021484375 0.029947916666666668