20 0.22075 0.49798000000000003 0.033594999999999986 0.04382999999999996
10 0.29358999999999996 0.55711 0.016164999999999985 0.02283999999999997
10 0.5194975 0.48078 0.024350000000000094 0.030173333333333385
10 0.8931575 0.8264600000000001 0.018694999999999906 0.021536666666666687
10 0.839875 0.8564333333333334 0.025262499999999966 0.030373333333333363
10 0.440575 0.49985666666666667 0.025527500000000036 0.02833333333333332
10 0.2252325 0.5313133333333334 0.01545249999999998 0.017909999999999943
10 0.42516000000000004 0.6304866666666668 0.015310000000000046 0.018483333333333334
10 0.24309000000000003 0.6061500000000001 0.019502500000000006 0.018696666666666733
21 0.7121825 0.09062333333333333 0.20730999999999988 0.18124666666666667
21 0.382505 0.6768733333333333 0.06833500000000003 0.12903333333333342
10 0.1495425 0.7391566666666667 0.02092250000000001 0.029153333333333364