20 0.777099609375 0.5472005208333334 0.03759765625 0.048828125
10 0.7099609375 0.4768880208333333 0.01806640625 0.025390625
10 0.478759765625 0.5159505208333334 0.02685546875 0.033854166666666664
10 0.1396484375 0.11197916666666667 0.0205078125 0.024088541666666668
10 0.1953125 0.09114583333333333 0.02783203125 0.034505208333333336
10 0.558837890625 0.509765625 0.02783203125 0.032552083333333336
10 0.775390625 0.513671875 0.01708984375 0.020833333333333332
10 0.58642578125 0.3824869791666667 0.0166015625 0.020833333333333332
10 0.7646484375 0.4365234375 0.02099609375 0.022135416666666668
21 0.251953125 0.8720703125 0.22265625 0.21354166666666666
21 0.6328125 0.34375 0.07958984375 0.13932291666666666
10 0.86962890625 0.3193359375 0.0234375 0.032552083333333336