40 0.540771484375 0.3883463541666667 0.0615234375 0.07486979166666667
20 0.532470703125 0.20833333333333334 0.0380859375 0.06380208333333333
20 0.71875 0.8551432291666666 0.0380859375 0.057942708333333336
10 0.346923828125 0.18912760416666666 0.01318359375 0.022786458333333332
10 0.145751953125 0.177734375 0.015625 0.018880208333333332
10 0.37353515625 0.626953125 0.01611328125 0.020833333333333332
10 0.2197265625 0.7041015625 0.02294921875 0.03125
10 0.5283203125 0.8375651041666666 0.0205078125 0.029947916666666668
10 0.713623046875 0.2649739583333333 0.0185546875 0.0234375
10 0.898681640625 0.3662109375 0.015625 0.025390625
10 0.925048828125 0.5556640625 0.021484375 0.029947916666666668
10 0.67919921875 0.3727213541666667 0.01904296875 0.024739583333333332