40 0.4744750000000001 0.38065333333333334 0.05439500000000003 0.06325666666666674
20 0.5060950000000001 0.20549333333333333 0.031155000000000044 0.05738333333333334
20 0.23835250000000002 0.7993033333333334 0.03163750000000001 0.05166666666666675
10 0.69125 0.22929666666666668 0.010825000000000085 0.020543333333333358
10 0.89076 0.26479 0.013487500000000097 0.015973333333333322
10 0.6079475 0.6543733333333334 0.014222500000000027 0.017366666666666603
10 0.7494575 0.7659600000000001 0.01943000000000006 0.027203333333333468
10 0.4283075 0.82572 0.01754 0.025826666666666814
10 0.32039999999999996 0.21902 0.015874999999999972 0.019990000000000025
10 0.12472 0.27603000000000005 0.012765000000000012 0.022899999999999993
10 0.0741275 0.45653999999999995 0.01842250000000001 0.02613999999999998
10 0.34012000000000003 0.33313 0.016434999999999977 0.02154333333333336