36 0.5518651960784314 0.44961949085730274 0.05796813725490191 0.06562925663131654
49 0.4798774509803922 0.4498766562396684 0.01901225490196079 0.029251748429592325
49 0.643296568627451 0.35684463772538844 0.02387500000000009 0.021139645482057965
40 0.6217450980392156 0.8306116324610259 0.031061274509804004 0.04418036163881899
27 0.6486936274509804 0.6345474428422471 0.019600490196078457 0.031833168027262826
10 0.7080245098039215 0.33469260700389103 0.01859803921568637 0.026751710282037617
49 0.4773823529411765 0.6539910989038936 0.020735294117647074 0.022972355738663835
21 0.5781348039215686 0.3322186109203733 0.05822303921568617 0.07605584802014187
14 0.3048357843137255 0.44411484957147573 0.01325980392156867 0.024232140586455096
36 0.5463382352941176 0.9230121309224079 0.0723627450980393 0.027158617532616114
49 0.5439093137254902 0.21233071386790772 0.013500000000000068 0.019521782253757516