49 0.573486328125 0.6598573281452659 0.02197265625 0.03631647211413749
49 0.5703125 0.5505836575875487 0.02001953125 0.02529182879377432
49 0.56884765625 0.6115434500648509 0.01953125 0.021400778210116732
10 0.6220703125 0.446822308690013 0.01318359375 0.013618677042801557
10 0.690673828125 0.44357976653696496 0.01123046875 0.011673151750972763
10 0.75146484375 0.4571984435797665 0.0107421875 0.01621271076523995
10 0.620361328125 0.5006485084306096 0.01123046875 0.011673151750972763
10 0.54736328125 0.28664072632944226 0.01123046875 0.01621271076523995
10 0.52880859375 0.14721141374837873 0.01806640625 0.020752269779507133
10 0.614990234375 0.20071335927367057 0.0078125 0.014915693904020753
10 0.78662109375 0.4095330739299611 0.01025390625 0.01556420233463035
49 0.679443359375 0.2590791180285344 0.015625 0.018158236057068743