49 0.3865514705882353 0.6113016454311946 0.025926470588235273 0.02657267109178306
49 0.46836029411764707 0.597212888787162 0.01753676470588239 0.024437221840746686
49 0.4223382352941177 0.6007122911421378 0.014808823529411819 0.024928765799445654
10 0.550514705882353 0.6570477861702398 0.009514705882353036 0.0160712087688512
10 0.5587549019607843 0.7473811957986827 0.008022058823529354 0.014437069250527849
10 0.5540024509803921 0.8289742376846978 0.011286764705882302 0.012692250960046694
10 0.5100539215686274 0.659254851097378 0.007681372549019683 0.013971567355865766
10 0.6640220588235294 0.5440708018616006 0.011041666666666616 0.013642786297398374
10 0.7669950980392157 0.5073417257953765 0.014372549019607828 0.022653340454210198
10 0.7345343137254902 0.6259730932580555 0.010813725490196102 0.009189593347066382
10 0.5927843137254901 0.8711591261666793 0.010725490196078491 0.01242857506167196
49 0.6963602941176471 0.7162967371124843 0.011992647058823636 0.01954782431779448