36 0.4501953125 0.4461738002594034 0.060546875 0.06939040207522698
49 0.52197265625 0.45136186770428016 0.02001953125 0.0304798962386511
49 0.362548828125 0.3472762645914397 0.02490234375 0.023346303501945526
40 0.365234375 0.8216601815823605 0.03271484375 0.046044098573281456
27 0.34619140625 0.624189364461738 0.02099609375 0.033073929961089495
10 0.298828125 0.3203631647211414 0.01953125 0.027885862516212712
49 0.5166015625 0.6553177691309987 0.021484375 0.023994811932555125
21 0.428466796875 0.32717250324254216 0.06103515625 0.07976653696498054
14 0.697021484375 0.4578469520103761 0.01416015625 0.02464332036316472
36 0.43701171875 0.919260700389105 0.0732421875 0.0324254215304799
49 0.467529296875 0.20979247730220493 0.0146484375 0.020103761348897537