49 0.418212890625 0.6527237354085603 0.0205078125 0.03501945525291829
49 0.42724609375 0.5437743190661478 0.01904296875 0.023994811932555125
49 0.425537109375 0.60473411154345 0.01904296875 0.020103761348897537
10 0.380859375 0.435473411154345 0.01220703125 0.01232166018158236
10 0.312744140625 0.4260700389105058 0.0107421875 0.010376134889753566
10 0.251220703125 0.4341763942931258 0.009765625 0.014915693904020753
10 0.3798828125 0.4896238651102464 0.0107421875 0.010376134889753566
10 0.4638671875 0.2827496757457847 0.01025390625 0.014915693904020753
10 0.48974609375 0.14559014267185474 0.017578125 0.019455252918287938
10 0.40087890625 0.19066147859922178 0.0068359375 0.014267185473411154
10 0.218994140625 0.3832684824902724 0.00927734375 0.014267185473411154
49 0.333740234375 0.24319066147859922 0.0146484375 0.016861219195849545