36 0.5419921875 0.435473411154345 0.06787109375 0.08106355382619974
49 0.471923828125 0.4568741893644617 0.0234375 0.03437094682230869
49 0.615478515625 0.31776913099870296 0.02685546875 0.027885862516212712
40 0.6748046875 0.7859922178988327 0.0380859375 0.05252918287937743
27 0.667724609375 0.5865758754863813 0.0244140625 0.03696498054474708
10 0.674560546875 0.27658884565499353 0.0224609375 0.0311284046692607
49 0.50390625 0.6569390402075227 0.02392578125 0.028534370946822308
21 0.547607421875 0.3132295719844358 0.0693359375 0.0914396887159533
14 0.300537109375 0.5038910505836576 0.01708984375 0.027237354085603113
36 0.616943359375 0.898508430609598 0.0751953125 0.04798962386511025
49 0.494140625 0.20654993514915693 0.0166015625 0.023346303501945526