22 0.5993602376273893 0.2793397358943578 0.10601672708884557 0.08616246498599442
10 0.6999705275144884 0.49982793117246893 0.01365879685207421 0.017607042817126828
10 0.7899636511320947 0.5264425770308123 0.01424592125407373 0.017474989995998502
49 0.9601644916673137 0.37627050820328134 0.023175104867817736 0.018583433373349334
10 0.9439084847869497 0.43955182072829135 0.014983904009364887 0.01710284113645455
10 0.9677237183430586 0.41442176870748304 0.013691414874407582 0.01753101240496202
10 0.6330016504114084 0.4987995198079232 0.010189054726368168 0.015234093637454982
10 0.2854606997027667 0.824545818327331 0.024553216311400165 0.024113645458183175
10 0.5002952265483308 0.8357823129251701 0.024174031801775395 0.022581032412965163
10 0.4837089621918419 0.8718407362945179 0.019293560210153667 0.020000000000000018
10 0.4052096141939363 0.9224449779911965 0.02678755084123202 0.02516606642657071
10 0.5073774146474511 0.7052901160464186 0.023603216410942505 0.031040416166466578
49 0.247203836758584 0.46818727490996404 0.026869095897065327 0.021020408163265336
49 0.39978686798102325 0.42344937975190083 0.01400944059215731 0.024909963985594197
10 0.7017237462149039 0.5322889155662266 0.014449783893656894 0.01850340136054429
10 0.8845151433707812 0.4059983993597439 0.013075749702866278 0.01668267306922766