22 0.36318407960199006 0.299560546875 0.11940298507462686 0.1025390625
10 0.3029850746268657 0.533935546875 0.016417910447761194 0.01953125
10 0.21890547263681592 0.575439453125 0.017412935323383085 0.01953125
49 0.024875621890547265 0.45654296875 0.0263681592039801 0.0224609375
10 0.05199004975124378 0.51611328125 0.01791044776119403 0.01953125
10 0.02437810945273632 0.495361328125 0.01691542288557214 0.01953125
10 0.3686567164179104 0.521484375 0.012437810945273632 0.0166015625
10 0.7686567164179104 0.782958984375 0.028358208955223882 0.02783203125
10 0.5592039800995025 0.83056640625 0.027860696517412936 0.0263671875
10 0.581592039800995 0.863525390625 0.022885572139303482 0.02294921875
10 0.6681592039800995 0.89990234375 0.030845771144278607 0.02978515625
10 0.5288557213930348 0.703369140625 0.028358208955223882 0.03466796875
49 0.7432835820895523 0.42578125 0.03034825870646766 0.025390625
49 0.5850746268656717 0.407470703125 0.01791044776119403 0.02685546875
10 0.30696517412935326 0.566162109375 0.017412935323383085 0.0205078125
10 0.10472636815920398 0.472900390625 0.015920398009950248 0.0185546875