22 0.7248756218905472 0.402587890625 0.08756218905472637 0.10400390625
10 0.5002487562189055 0.3037109375 0.01791044776119403 0.01318359375
10 0.47313432835820896 0.21533203125 0.01791044776119403 0.01416015625
49 0.6261194029850746 0.04833984375 0.01890547263681592 0.02294921875
10 0.5616915422885572 0.064208984375 0.017412935323383085 0.0146484375
10 0.5873134328358209 0.041015625 0.01791044776119403 0.013671875
10 0.5012437810945274 0.369384765625 0.015422885572139304 0.009765625
10 0.16940298507462687 0.71044921875 0.02437810945273632 0.02392578125
10 0.15796019900497513 0.499755859375 0.022885572139303482 0.02392578125
10 0.12114427860696518 0.515869140625 0.020398009950248756 0.01904296875
10 0.06965174129353234 0.593017578125 0.025870646766169153 0.0263671875
10 0.2907960199004975 0.49267578125 0.031840796019900496 0.02294921875
49 0.5323383084577115 0.748046875 0.021393034825870648 0.0263671875
49 0.5781094527363184 0.598388671875 0.025373134328358207 0.013671875
10 0.4671641791044776 0.302001953125 0.01890547263681592 0.01416015625
10 0.595771144278607 0.12255859375 0.01691542288557214 0.0126953125