39 0.6989779069468377 0.5111460855528651 0.11816431333213312 0.04805891848264726
10 0.26364362076715153 0.20565375302663438 0.018970836124715902 0.01818805488297015
10 0.31607051716205287 0.07433817594834544 0.016211745811293102 0.02189669087974172
10 0.23251188506403137 0.09711460855528652 0.022708149367443135 0.02171509281678774
10 0.8311843177983451 0.3705125100887813 0.01525860552120175 0.019681194511703026
10 0.8931008126954734 0.2714810330912026 0.019255106035795777 0.026089588377724016
10 0.908760740444082 0.3686400322841001 0.01155473579742507 0.018627925746569796
10 0.8478600924350777 0.541004842615012 0.017950808796723353 0.018999192897497963
10 0.3909965409309562 0.44492736077481837 0.01556377763162567 0.017857142857142905
10 0.6354686644596882 0.4726876513317191 0.022223218342659612 0.024955609362389053
10 0.11251235862948523 0.33940274414850685 0.018774355450881266 0.016654560129136353
49 0.26258596948033947 0.4556335754640839 0.02666284548334905 0.023127522195318773
49 0.3068150232924801 0.2506214689265536 0.024593527748281944 0.030104923325262295
49 0.8230157382946662 0.3048668280871671 0.015149914084612323 0.021654560129136358
49 0.6280567445722662 0.14769168684422923 0.0231178324745877 0.017945924132364788
49 0.49869721327142685 0.3340314769975787 0.01986126981677507 0.016670702179176766
10 0.7240396439604279 0.3790718321226796 0.02065973383172007 0.020665859564164668