39 0.5184623166413759 0.691650390625 0.05361659079413252 0.11572265625
10 0.18689934243803744 0.2822265625 0.019221041982802226 0.01904296875
10 0.05285786545270612 0.33740234375 0.02326757713707638 0.0166015625
10 0.07359635811836115 0.255859375 0.02326757713707638 0.02294921875
10 0.3775923115832069 0.82421875 0.020738492665655032 0.01513671875
10 0.27718765806777945 0.88720703125 0.027314112291350532 0.01953125
10 0.3783510369246333 0.89892578125 0.019726858877086494 0.01171875
10 0.5546282245827011 0.833984375 0.020232675771370764 0.017578125
10 0.43904906423874557 0.396728515625 0.019221041982802226 0.015625
10 0.4764795144157815 0.6318359375 0.02680829539706626 0.0224609375
10 0.3201820940819423 0.1318359375 0.017703591299949417 0.0185546875
49 0.4456246838644411 0.2724609375 0.024785027819929185 0.02685546875
49 0.23520485584218512 0.322265625 0.03237228123419322 0.02490234375
49 0.3093070308548306 0.818359375 0.02276176024279211 0.015625
49 0.1398583712696004 0.6357421875 0.019726858877086494 0.02294921875
49 0.3280222559433485 0.504638671875 0.017703591299949417 0.01953125
10 0.38265048052604955 0.720458984375 0.02175012645422357 0.0205078125