39 0.46307536671724836 0.310791015625 0.0768841679312089 0.12255859375
10 0.261254425897825 0.792724609375 0.02276176024279211 0.0224609375
10 0.11659079413252403 0.775146484375 0.025796661608497723 0.0205078125
10 0.15983813859382903 0.84814453125 0.027314112291350532 0.0263671875
10 0.2898330804248862 0.220947265625 0.02326757713707638 0.01904296875
10 0.17526555386949924 0.187255859375 0.030854830551340414 0.0244140625
10 0.2690945877592312 0.14892578125 0.021244309559939303 0.015625
10 0.45700556398583714 0.164306640625 0.02326757713707638 0.02099609375
10 0.47091552857865454 0.615478515625 0.02175012645422357 0.01904296875
10 0.43980778958017197 0.379638671875 0.030349013657056147 0.02685546875
10 0.43222053616590794 0.90185546875 0.021244309559939303 0.021484375
49 0.5128983308042488 0.733154296875 0.02933737986848761 0.03076171875
49 0.2961557916034396 0.7412109375 0.036418816388467376 0.03076171875
49 0.22584724329792616 0.24462890625 0.025290844714213456 0.01953125
49 0.11482043500252909 0.46533203125 0.023773394031360646 0.0263671875
49 0.3333333333333333 0.541259765625 0.021244309559939303 0.0224609375
10 0.3242286292362165 0.3193359375 0.025796661608497723 0.0244140625