21 0.63427734375 0.5579427083333334 0.0498046875 0.06770833333333333
36 0.352783203125 0.7522786458333334 0.04296875 0.2265625
21 0.317138671875 0.9140625 0.08544921875 0.083984375
21 0.510498046875 0.16927083333333334 0.0966796875 0.12239583333333333
21 0.796630859375 0.650390625 0.04345703125 0.047526041666666664
21 0.543212890625 0.9212239583333334 0.06640625 0.05859375
21 0.505126953125 0.4990234375 0.03271484375 0.061848958333333336
21 0.246826171875 0.4108072916666667 0.0400390625 0.09765625
21 0.762451171875 0.953125 0.03955078125 0.049479166666666664
21 0.832763671875 0.8170572916666666 0.03173828125 0.043619791666666664
10 0.600830078125 0.42578125 0.01220703125 0.014322916666666666