35 0.447509765625 0.5227864583333334 0.056640625 0.08268229166666667
11 0.674072265625 0.23567708333333334 0.05029296875 0.072265625
21 0.666015625 0.12239583333333333 0.068359375 0.08333333333333333
21 0.5732421875 0.6555989583333334 0.03466796875 0.046223958333333336
21 0.478271484375 0.05078125 0.05029296875 0.1015625
21 0.234375 0.3616536458333333 0.0791015625 0.07552083333333333
21 0.187255859375 0.4150390625 0.05029296875 0.09049479166666667
21 0.376708984375 0.6702473958333334 0.05859375 0.08528645833333333
21 0.6650390625 0.9462890625 0.154296875 0.107421875
21 0.723876953125 0.057291666666666664 0.0634765625 0.0546875
21 0.6845703125 0.8610026041666666 0.0400390625 0.061197916666666664
21 0.904296875 0.8557942708333334 0.03662109375 0.055989583333333336
21 0.427734375 0.642578125 0.02490234375 0.042317708333333336
21 0.358642578125 0.21354166666666666 0.13818359375 0.09244791666666667
21 0.5126953125 0.9560546875 0.1015625 0.087890625