35 0.48291015625 0.4300130208333333 0.06201171875 0.07552083333333333
11 0.6982421875 0.7320963541666666 0.05419921875 0.06705729166666667
21 0.783203125 0.7213541666666666 0.0625 0.09114583333333333
21 0.38330078125 0.59765625 0.03466796875 0.046223958333333336
21 0.83837890625 0.4710286458333333 0.07958984375 0.06705729166666667
21 0.603759765625 0.14583333333333334 0.056640625 0.10546875
21 0.563720703125 0.0830078125 0.06787109375 0.06705729166666667
21 0.372314453125 0.3356119791666667 0.06396484375 0.078125
21 0.149658203125 0.7203776041666666 0.11181640625 0.20572916666666666
21 0.83203125 0.7985026041666666 0.041015625 0.08463541666666667
21 0.229248046875 0.74609375 0.0458984375 0.053385416666666664
21 0.39306640625 0.4036458333333333 0.03173828125 0.033203125
21 0.71484375 0.3115234375 0.0693359375 0.18424479166666666
21 0.154052734375 0.5169270833333334 0.07373046875 0.13541666666666666