22 0.450439453125 0.5833333333333334 0.080078125 0.059244791666666664
21 0.269287109375 0.5908203125 0.07275390625 0.11783854166666667
21 0.857666015625 0.3841145833333333 0.04443359375 0.08919270833333333
21 0.77783203125 0.6575520833333334 0.07568359375 0.09375
21 0.85791015625 0.525390625 0.06591796875 0.048828125
21 0.55322265625 0.4720052083333333 0.02734375 0.044921875
21 0.56494140625 0.5628255208333334 0.0322265625 0.056640625
21 0.3505859375 0.267578125 0.0625 0.08333333333333333
21 0.56005859375 0.23567708333333334 0.02294921875 0.042317708333333336
21 0.747314453125 0.3766276041666667 0.0859375 0.11393229166666667
21 0.220703125 0.3186848958333333 0.04931640625 0.0546875