22 0.4483085317460317 0.4188955026455026 0.07878720238095238 0.05529761904761902
21 0.26719990079365075 0.41985449735449737 0.0697842261904762 0.11439814814814812
21 0.8607043650793651 0.5994345238095238 0.04198412698412701 0.0873445767195767
21 0.7734474206349206 0.32976521164021166 0.07347470238095233 0.09074735449735453
21 0.8569791666666666 0.45814484126984123 0.06514136904761902 0.04547949735449741
21 0.5540575396825397 0.5255522486772487 0.02614087301587298 0.04360780423280423
21 0.5633333333333334 0.434265873015873 0.030739087301587364 0.05503637566137565
21 0.3567286706349206 0.7392063492063493 0.06035466269841272 0.08070767195767203
21 0.5668973214285714 0.7613789682539682 0.02196180555555549 0.041276455026454904
21 0.7504439484126983 0.6115310846560846 0.08310763888888895 0.10974867724867732
21 0.22562003968253969 0.6944378306878307 0.04780257936507937 0.05289682539682546
21 0.999875992063492 0.9998346560846559 0.0002480158730158166 0.0003306878306877555