21 0.5387772817460317 0.6809027777777779 0.049114583333333295 0.06438161375661378
36 0.6942584325396824 0.31253637566137565 0.16902281746031744 0.04967592592592588
21 0.8167584325396825 0.2708928571428571 0.060243055555555536 0.1116468253968254
21 0.25168402777777776 0.50244708994709 0.08856398809523805 0.12526455026455027
21 0.6022470238095239 0.9003108465608465 0.034201388888888795 0.056792328042328144
21 0.8142311507936507 0.5724007936507937 0.04151289682539683 0.08660052910052911
21 0.4989856150793651 0.5069080687830688 0.04534970238095243 0.041597222222222285
21 0.441860119047619 0.15941798941798938 0.07196676587301587 0.049877645502645486
21 0.8914360119047618 0.6946924603174603 0.03475694444444444 0.04018187830687836
21 0.8304960317460317 0.8655886243386243 0.035659722222222134 0.05127976190476188
21 0.72609623015873 0.9542989417989417 0.03188740079365071 0.041309523809523796
10 0.4407961309523809 0.6316997354497355 0.0102281746031746 0.015601851851851922