21 0.3701171875 0.4264322916666667 0.05419921875 0.07291666666666667
36 0.663330078125 0.265625 0.0576171875 0.22981770833333334
21 0.709228515625 0.10872395833333333 0.09033203125 0.09309895833333333
21 0.4677734375 0.828125 0.10400390625 0.13216145833333334
21 0.21435546875 0.3157552083333333 0.04638671875 0.052083333333333336
21 0.484619140625 0.07552083333333333 0.0693359375 0.06575520833333333
21 0.494873046875 0.5003255208333334 0.03662109375 0.06510416666666667
21 0.746337890625 0.6184895833333334 0.0458984375 0.10091145833333333
21 0.267822265625 0.022135416666666668 0.04248046875 0.044270833333333336
21 0.189208984375 0.1455078125 0.0341796875 0.046875
10 0.394775390625 0.5621744791666666 0.0126953125 0.015625