35 0.4499677579365079 0.5313128306878306 0.05006944444444439 0.07497023809523802
11 0.6486681547619046 0.2091898148148148 0.04432291666666677 0.06564814814814812
21 0.6303249007936507 0.09841600529100529 0.06190476190476191 0.07337632275132273
21 0.5870238095238095 0.6426653439153439 0.03130952380952379 0.041944444444444486
21 0.43729662698412697 0.05563492063492065 0.04141369047619048 0.10025132275132276
21 0.22357886904761903 0.4058002645502646 0.07367807539682536 0.0636243386243387
21 0.18191716269841268 0.46651124338624333 0.04306795634920635 0.08425595238095236
21 0.3933209325396825 0.6892328042328041 0.051654265873015914 0.07776124338624335
21 0.706787109375 0.9368489583333334 0.14404296875 0.12630208333333334
21 0.6816765873015873 0.023938492063492064 0.059588293650793656 0.04566468253968254
21 0.7162425595238094 0.8283300264550264 0.03521329365079362 0.056064814814814845
21 0.9338640873015873 0.7873115079365078 0.03241071428571418 0.05125330687830676
21 0.4414484126984127 0.653313492063492 0.021453373015873023 0.03898809523809521
21 0.33345238095238094 0.23860780423280423 0.13274801587301588 0.07157407407407408
21 0.5545957341269842 0.9557506613756613 0.09451388888888879 0.08365079365079353