22 0.4296875 0.55078125 0.05712890625 0.11393229166666667
21 0.392822265625 0.787109375 0.0986328125 0.11458333333333333
21 0.64697265625 0.054361979166666664 0.0712890625 0.06380208333333333
21 0.431884765625 0.10807291666666667 0.08154296875 0.11458333333333333
21 0.54150390625 0.0361328125 0.0439453125 0.072265625
21 0.52978515625 0.4348958333333333 0.03759765625 0.043619791666666664
21 0.46484375 0.4039713541666667 0.046875 0.051432291666666664
21 0.645751953125 0.7366536458333334 0.07177734375 0.095703125
21 0.70556640625 0.4671223958333333 0.03466796875 0.037109375
21 0.634033203125 0.19661458333333334 0.09814453125 0.130859375
21 0.58544921875 0.8984375 0.048828125 0.07356770833333333