21 0.73828125 0.9449869791666666 0.1328125 0.11002604166666667
21 0.153564453125 0.4602864583333333 0.06689453125 0.09375
21 0.189697265625 0.07486979166666667 0.0947265625 0.12369791666666667
21 0.324462890625 0.15169270833333334 0.0986328125 0.0859375
21 0.347412109375 0.4375 0.0654296875 0.09375
21 0.473876953125 0.4488932291666667 0.1162109375 0.16015625
21 0.584228515625 0.337890625 0.09423828125 0.14583333333333334
21 0.669189453125 0.3662109375 0.1005859375 0.11588541666666667
21 0.787841796875 0.3720703125 0.11572265625 0.12109375
21 0.7783203125 0.6106770833333334 0.23095703125 0.32421875
21 0.67529296875 0.16341145833333334 0.2001953125 0.228515625
21 0.033447265625 0.3909505208333333 0.06689453125 0.12825520833333334
21 0.597412109375 0.7574869791666666 0.03662109375 0.059895833333333336
21 0.272705078125 0.8824869791666666 0.04150390625 0.061848958333333336
21 0.233154296875 0.5849609375 0.03515625 0.072265625
21 0.2041015625 0.5345052083333334 0.0283203125 0.046875
21 0.88134765625 0.3922526041666667 0.0400390625 0.06770833333333333
21 0.9345703125 0.3587239583333333 0.0703125 0.11263020833333333
21 0.924072265625 0.7744140625 0.0283203125 0.048177083333333336