21 0.79833984375 0.0986328125 0.0966796875 0.158203125
21 0.536865234375 0.9609375 0.06201171875 0.076171875
21 0.247314453125 0.958984375 0.078125 0.053385416666666664
21 0.277099609375 0.7958984375 0.048828125 0.12369791666666667
21 0.483154296875 0.7115885416666666 0.0615234375 0.07421875
21 0.467529296875 0.5439453125 0.10498046875 0.1328125
21 0.364501953125 0.4208984375 0.09814453125 0.10481770833333333
21 0.369384765625 0.3040364583333333 0.072265625 0.12044270833333333
21 0.350830078125 0.14778645833333334 0.07373046875 0.140625
21 0.528076171875 0.12272135416666667 0.21337890625 0.24544270833333334
21 0.21875 0.3346354166666667 0.14208984375 0.23958333333333334
21 0.6708984375 0.3235677083333333 0.041015625 0.039713541666666664
21 0.824951171875 0.724609375 0.041015625 0.046223958333333336
21 0.613525390625 0.8330078125 0.05078125 0.03515625
21 0.581787109375 0.8805338541666666 0.03173828125 0.030598958333333332
21 0.347900390625 0.021484375 0.04638671875 0.04296875