21 0.1837255859375 0.12384114583333333 0.11442871093750001 0.12124348958333331
21 0.84332763671875 0.42660807291666664 0.05416748046874997 0.07847330729166672
21 0.87828857421875 0.8124479166666667 0.07851806640624992 0.10145833333333343
21 0.7333447265625 0.7811946614583333 0.0909277343749999 0.058479817708333215
21 0.65943359375 0.5112337239583333 0.052590332031249964 0.07845703124999999
21 0.53459228515625 0.54087890625 0.09455322265624999 0.13340820312499999
21 0.447822265625 0.6844856770833333 0.07370361328124997 0.12548177083333326
21 0.36000732421875 0.6843782552083333 0.08687500000000004 0.09054361979166663
21 0.24396484375 0.7170898437500001 0.10218749999999999 0.09086588541666678
21 0.20993896484375002 0.48236002604166667 0.18712890625000003 0.2724479166666667
21 0.39086181640625 0.883203125 0.17300292968749997 0.17786458333333321
21 0.97444580078125 0.45478190104166666 0.05110595703124998 0.11528971354166669
21 0.3589697265625 0.2814225260416667 0.027834472656250053 0.05286458333333336
21 0.651201171875 0.05577473958333334 0.03286865234375003 0.05295572916666667
21 0.7435205078125 0.33144531250000003 0.023825683593750036 0.06610026041666665
21 0.7807080078125 0.3709375 0.021699218750000027 0.04091796874999994
21 0.14935302734375 0.7275683593750001 0.030070800781250018 0.05973958333333348
21 0.103994140625 0.7772721354166667 0.05405517578124999 0.09838216145833349
21 0.038837890625 0.37040039062499996 0.021611328124999996 0.04201497395833339