1 0.2713991323210412 0.58154052734375 0.18488069414316702 0.0644482421874999
49 0.5677874186550976 0.52724853515625 0.10521149674620396 0.03154541015625001
5 0.35947939262472883 0.38511474609375 0.12160520607375272 0.05978027343750003
49 0.4706344902386117 0.17477294921875 0.12163232104121473 0.022397460937500002
49 0.9133405639913232 0.29318603515625 0.09674620390455536 0.051701660156249996
49 0.6931453362255966 0.04172607421875 0.10104121475054238 0.02729736328125
49 0.8428036876355749 0.66263427734375 0.09312906724511931 0.021557617187500044
49 0.637738611713666 0.7416552734375 0.06072125813449013 0.03799804687500008
49 0.4489642082429501 0.457490234375 0.0565238611713666 0.04095458984375
14 0.06863882863340563 0.45150634765625 0.06879609544468547 0.028989257812499947
40 0.27613340563991323 0.32427734375 0.0822234273318872 0.028439941406249947
10 0.08340021691973969 0.214609375 0.05554229934924079 0.02883056640624998