20 0.5186375000000001 0.6451133333333333 0.03774000000000005 0.0398233333333334
20 0.62566 0.62116 0.0186925 0.055246666666666666
20 0.3198125 0.48869333333333337 0.04038750000000002 0.036976666666666734
20 0.10428 0.5480966666666667 0.04145499999999999 0.029123333333333317
20 0.039232500000000003 0.6521899999999999 0.031549999999999995 0.043973333333333274
20 0.2525 0.7440833333333333 0.027487499999999998 0.057760000000000034
20 0.24148750000000002 0.8187800000000002 0.020460000000000006 0.0604866666666668
20 0.40693250000000003 0.26514 0.038647499999999946 0.03654000000000002
20 0.26521249999999996 0.32599666666666666 0.032909999999999995 0.041590000000000016
20 0.1693675 0.4075766666666667 0.023780000000000023 0.061416666666666675
20 0.6244125 0.3600233333333333 0.021312500000000068 0.05297333333333339
20 0.5324375 0.2909366666666667 0.02013749999999992 0.04813333333333336
20 0.76826 0.13617333333333334 0.03099249999999998 0.04527
20 0.9582075 0.15892666666666666 0.018899999999999917 0.057446666666666646
20 0.9116425 0.025503333333333336 0.026727500000000015 0.050600000000000006
20 0.9435 0.27309999999999995 0.03301500000000002 0.04246000000000002
20 0.8097150000000001 0.8933166666666666 0.021914999999999907 0.056223333333333216
20 0.9218025000000001 0.9193166666666666 0.02109249999999996 0.05156333333333318
20 0.986555 0.8833333333333333 0.02639250000000004 0.05292333333333321
20 0.3719275 0.2621233333333333 0.021159999999999957 0.05384333333333332
20 0.14393 0.45859999999999995 0.027152500000000024 0.04012333333333329
20 0.2121925 0.5433466666666666 0.03187000000000001 0.029616666666666625
20 0.056965 0.21698000000000003 0.02608250000000001 0.05355333333333334
20 0.5267474999999999 0.9318833333333334 0.039020000000000055 0.023356666666666765
20 0.6355025000000001 0.8593999999999999 0.021507500000000013 0.05172333333333334