20 0.39306640625 0.4625651041666667 0.03271484375 0.053385416666666664
20 0.42041015625 0.3225911458333333 0.04296875 0.029296875
20 0.492919921875 0.740234375 0.03125 0.057291666666666664
20 0.2958984375 0.8076171875 0.0458984375 0.041666666666666664
20 0.2392578125 0.8157552083333334 0.046875 0.032552083333333336
20 0.667236328125 0.6438802083333334 0.03076171875 0.0546875
20 0.609619140625 0.8271484375 0.0341796875 0.046875
20 0.540283203125 0.947265625 0.0478515625 0.037109375
20 0.615478515625 0.3466796875 0.04150390625 0.033203125
20 0.658935546875 0.4749348958333333 0.03759765625 0.030598958333333332
20 0.79541015625 0.17545572916666666 0.03662109375 0.044921875
20 0.233154296875 0.054361979166666664 0.0439453125 0.033854166666666664
20 0.66650390625 0.6910807291666666 0.0419921875 0.032552083333333336
20 0.499755859375 0.9765625 0.03271484375 0.039713541666666664
20 0.442626953125 0.8785807291666666 0.0244140625 0.044921875
20 0.1796875 0.4267578125 0.02099609375 0.054036458333333336
20 0.243408203125 0.2887369791666667 0.04052734375 0.033203125