1 0.24295010845986983 0.4375 0.20607375271149675 0.078125
49 0.5563991323210412 0.4677734375 0.11605206073752712 0.03955078125
5 0.4061822125813449 0.624267578125 0.1420824295010846 0.068359375
49 0.596529284164859 0.822509765625 0.1279826464208243 0.03173828125
49 0.9647505422993492 0.67138671875 0.07049891540130152 0.05859375
49 0.8671366594360087 0.936279296875 0.10954446854663774 0.03466796875
49 0.7749457700650759 0.31298828125 0.09978308026030369 0.0283203125
49 0.5422993492407809 0.251220703125 0.07483731019522777 0.04248046875
49 0.46637744034707157 0.5458984375 0.07158351409978309 0.044921875
14 0.09436008676789588 0.58154296875 0.07809110629067245 0.03369140625
40 0.3470715835140998 0.690673828125 0.09219088937093275 0.0341796875
10 0.20010845986984815 0.813720703125 0.0650759219088937 0.03271484375