20 0.3896484375 0.5068359375 0.0341796875 0.0546875
20 0.39453125 0.6516927083333334 0.04345703125 0.03125
20 0.530517578125 0.2630208333333333 0.03271484375 0.057942708333333336
20 0.348388671875 0.142578125 0.04638671875 0.04296875
20 0.294189453125 0.119140625 0.04736328125 0.034505208333333336
20 0.68603515625 0.4055989583333333 0.03173828125 0.055338541666666664
20 0.658203125 0.21028645833333334 0.03515625 0.048177083333333336
20 0.609130859375 0.07389322916666667 0.04833984375 0.0390625
20 0.589111328125 0.6819661458333334 0.0419921875 0.03515625
20 0.651611328125 0.568359375 0.0380859375 0.032552083333333336
20 0.73828125 0.8994140625 0.03759765625 0.046223958333333336
20 0.16943359375 0.8619791666666666 0.04443359375 0.035807291666666664
20 0.69287109375 0.359375 0.04296875 0.034505208333333336
20 0.57421875 0.033854166666666664 0.033203125 0.041015625
20 0.5029296875 0.11393229166666667 0.02587890625 0.045572916666666664
20 0.175048828125 0.4827473958333333 0.02197265625 0.0546875
20 0.216064453125 0.6354166666666666 0.041015625 0.034505208333333336