1 0.2950108459869848 0.406494140625 0.20065075921908893 0.07421875
49 0.5748373101952278 0.4765625 0.11279826464208242 0.037109375
5 0.3297180043383948 0.6064453125 0.13665943600867678 0.06591796875
49 0.38286334056399135 0.821044921875 0.12689804772234273 0.02880859375
49 0.85412147505423 0.72802734375 0.10954446854663774 0.056640625
49 0.5677874186550976 0.96533203125 0.10737527114967461 0.03271484375
49 0.8839479392624728 0.357421875 0.09869848156182212 0.0263671875
49 0.7022776572668112 0.267578125 0.07049891540130152 0.041015625
49 0.4376355748373102 0.539306640625 0.06724511930585683 0.0439453125
14 0.05911062906724512 0.524658203125 0.07592190889370933 0.0322265625
40 0.2299349240780911 0.662109375 0.09002169197396963 0.03271484375
10 0.020065075921908895 0.760498046875 0.04013015184381779 0.03173828125