10 0.5287450980392158 0.4972211286589863 0.014414215686274545 0.019769181862109346
10 0.4339950980392157 0.5809007909259684 0.012737745098039266 0.01568383306630052
10 0.5380416666666666 0.7854221408407722 0.013796568627451045 0.018903283232878137
10 0.486953431372549 0.49837674525062947 0.011495098039215668 0.016478116019429844
10 0.7423676470588235 0.6074506752117189 0.01363970588235297 0.018873985910836416
10 0.8523308823529412 0.6052045471885252 0.01593382352941175 0.023060247704788844
10 0.8574044117647058 0.32555835304290326 0.01722794117647064 0.0215042343785763
10 0.9636617647058823 0.7415868365504438 0.01549754901960787 0.024554411128913267
10 0.8587303921568628 0.3874277866788739 0.01621078431372558 0.01720078329645744
14 0.3164607843137255 0.5145000381475547 0.017414215686274548 0.023948933140052402
10 0.27096813725490193 0.4894540830599425 0.014147058823529401 0.0194306350296279
49 0.8775588235294117 0.5978378983240508 0.023083333333333345 0.027858498003611357