10 0.499755859375 0.46173800259403375 0.01611328125 0.021400778210116732
10 0.445068359375 0.5943579766536965 0.0126953125 0.018158236057068743
10 0.28271484375 0.47438391699092086 0.01513671875 0.019455252918287938
10 0.50244140625 0.5168612191958496 0.01318359375 0.016861219195849545
10 0.3984375 0.188715953307393 0.01513671875 0.019455252918287938
10 0.390380859375 0.04312581063553826 0.01904296875 0.023346303501945526
10 0.599609375 0.011997405966277562 0.017578125 0.023994811932555125
10 0.55322265625 0.01556420233463035 0.0146484375 0.022697795071335927
14 0.505126953125 0.7441634241245136 0.01953125 0.02529182879377432
10 0.528076171875 0.8022049286640727 0.015625 0.020752269779507133
49 0.39404296875 0.017185473411154346 0.02197265625 0.01621271076523995