10 0.528076171875 0.5094033722438391 0.01708984375 0.022697795071335927
10 0.445556640625 0.4053177691309987 0.0146484375 0.018158236057068743
10 0.57470703125 0.22762645914396887 0.01611328125 0.021400778210116732
10 0.487060546875 0.4987029831387808 0.013671875 0.01880674448767834
10 0.752685546875 0.45006485084306097 0.01611328125 0.021400778210116732
10 0.860595703125 0.4776264591439689 0.01904296875 0.026588845654993514
10 0.8291015625 0.7542153047989624 0.01953125 0.02529182879377432
10 0.98828125 0.36900129701686124 0.0185546875 0.027885862516212712
10 0.83837890625 0.693579766536965 0.01806640625 0.020752269779507133
14 0.321044921875 0.44325551232166016 0.0205078125 0.027885862516212712
10 0.273193359375 0.4578469520103761 0.0166015625 0.022697795071335927
49 0.884521484375 0.4905966277561608 0.0263671875 0.033073929961089495