49 0.488696875 0.5306041666666667 0.04300000000000004 0.0773625
10 0.203484375 0.015304166666666666 0.014928125000000014 0.02592916666666667
10 0.35696875 0.021466666666666665 0.01733125000000002 0.025758333333333338
10 0.47325937500000004 0.036775 0.012125000000000052 0.027208333333333334
10 0.317040625 0.20139583333333333 0.01219062500000001 0.018950000000000022
10 0.700571875 0.014587499999999998 0.013628125000000102 0.024499999999999994
10 0.580959375 0.25157916666666663 0.011903124999999903 0.023487500000000033
10 0.080784375 0.148625 0.014674999999999994 0.021737500000000003
10 0.327546875 0.848325 0.014449999999999963 0.02947499999999999
10 0.671328125 0.0668125 0.011384375000000002 0.01645416666666666
10 0.449496875 0.028708333333333336 0.013521875000000017 0.019404166666666667